{
	"file_spec": 1.1,
	"file_author": "",
	"file_title": "animal base",
	"frame_classes": ["creasePattern"],
	"vertices_coords":[[0,0],[1,0],[1,1],[0,1],[1,0.41421356237309503],[0.41421356237309503,1],[0.7071067811865475,0.7071067811865475],[0.7071067811865475,1],[0.7071067811865476,0.2928932188134525],[1,0.7071067811865475],[0.2928932188134524,0.7071067811865475],[0,0.5857864376269051],[0.5857864376269049,0]],
	"edges_vertices":[[1,4],[5,3],[0,6],[6,2],[2,7],[7,5],[6,7],[0,8],[8,4],[1,8],[8,6],[4,9],[9,2],[6,9],[0,10],[10,5],[6,10],[10,3],[6,5],[6,4],[3,11],[11,0],[10,11],[0,12],[12,1],[8,12]],
	"edges_assignment":["B","B","F","F","B","B","V","V","F","V","V","B","B","V","V","F","V","V","M","M","B","B","M","B","B","M"],
	"vertices_edges":[[23,7,2,14,21],[0,9,24],[4,3,12],[1,20,17],[11,19,8,0],[5,1,15,18],[13,3,6,18,16,2,10,19],[4,5,6],[8,10,7,25,9],[12,13,11],[16,15,17,22,14],[22,20,21],[24,25,23]],
	"vertices_vertices":[[12,8,6,10,11],[4,8,12],[7,6,9],[5,11,10],[9,6,8,1],[7,3,10,6],[9,2,7,5,10,0,8,4],[2,5,6],[4,6,0,12,1],[2,6,4],[6,5,3,11,0],[10,3,0],[1,8,0]],
	"edges_foldAngle":[0,0,0,0,0,0,180,180,0,180,180,0,0,180,180,0,180,180,-180,-180,0,0,-180,0,0,-180],
	"faces_vertices":[[6,2,7],[9,2,6],[6,7,5],[4,9,6],[6,10,0],[10,6,5],[10,5,3],[10,3,11],[10,11,0],[4,8,1],[8,4,6],[8,6,0],[8,0,12],[8,12,1]],
	"faces_edges":[[3,4,6],[12,3,13],[6,5,18],[11,13,19],[14,2,16],[18,15,16],[1,17,15],[20,22,17],[21,14,22],[9,0,8],[19,10,8],[2,7,10],[23,25,7],[24,9,25]],
	"vertices_faces":[[12,11,4,8,null],[9,13,null],[0,1,null],[null,7,6],[3,10,9,null],[null,6,5,2],[1,0,2,5,4,11,10,3],[null,2,0],[10,11,12,13,9],[1,3,null],[5,6,7,8,4],[7,null,8],[13,12,null]],
	"edges_faces":[[9],[6],[4,11],[0,1],[0],[2],[0,2],[11,12],[9,10],[9,13],[10,11],[3],[1],[1,3],[4,8],[5,6],[4,5],[6,7],[2,5],[3,10],[7],[8],[7,8],[12],[13],[12,13]],
	"faces_faces":[[1,2],[0,3],[0,5],[1,10],[5,8,11],[2,4,6],[5,7],[6,8],[4,7],[10,13],[3,9,11],[4,10,12],[11,13],[9,12]],
	"faces_layer":[3,7,2,6,0,1,10,9,8,13,5,4,11,12],
	"vertices_folded_coords":[[0,0],[0.41421356237309537,0],[0.4142135623730949,0.4142135623730949],[0,0.41421356237309476],[0.41421356237309526,0.41421356237309515],[0.41421356237309503,0.4142135623730949],[0.7071067811865472,0.7071067811865475],[0.4142135623730949,0.7071067811865474],[0.7071067811865477,0.2928932188134524],[0.7071067811865474,0.41421356237309503],[0.2928932188134524,0.7071067811865475],[0.41421356237309515,0.41421356237309503],[0.4142135623730951,0.41421356237309503]]
}